      1 211000022278279
      1 211000022278436
      1 211000022278449
      1 211000022278760
      1 211000022279165
      1 211000022279188
      1 211000022279264
      1 211000022279392
      1 211000022279681
      1 211000022280328
      1 211000022280341
      1 211000022280347
      1 211000022280481
      2 211000022280494
      1 211000022280703
   3501 2L
   3628 2R
   3464 3L
   4202 3R
    111 4
     38 mitochondrion_genome
     21 rDNA
      2 Unmapped_Scaffold_8_D1580_D1567
   2676 X
    113 Y
